timestamp,symbol,quantity,price,execution_id,theoretical_value,account
1664976762,TSLA,-700,241.56,18539,241.54671385427642,CCCC
1664980289,MSFT,-1000,256.34,321103,256.3393314954029,DDDD
1664978915,META,-1000,133.11,200615,133.08391488472944,BBBB
1664976792,GOOGL,-700,101.44,21088,101.39768023167935,DDDD
1664980998,SPY,-200,383.23,386183,383.28304361314497,EEEE
1664979342,GOOGL,500,101.87,238621,101.88762301262747,DDDD
1664979883,AMZN,300,128.03,283367,128.07297443997066,AAAA
1664979958,TSLA,-500,232.67,288447,232.68369653213747,DDDD
1664979045,META,1000,132.02,211810,132.03621497531668,BBBB
1664978654,SPY,-500,366.66,177843,366.72339089229945,BBBB
1664979017,GOOGL,300,102.59,211042,102.60160271218919,AAAA
1664976925,SPY,1000,380.19,33860,380.1359225881127,EEEE
1664979491,AMD,100,67.47,252129,67.44789765588386,EEEE
1664978515,AAPL,300,143.58,168170,143.5433628455284,AAAA
1664979935,SPY,900,386.38,286550,386.348066146282,DDDD
1664977649,AMD,-200,65.27,92271,65.22655722353578,DDDD
1664980636,AMZN,100,126.54,350380,126.56031924928358,DDDD
1664981305,AMZN,-400,133.82,416577,133.8670406516656,AAAA
1664979351,META,700,131.72,239192,131.70865585948297,CCCC
1664980611,GOOG,-1000,101.2,347430,101.30031857868707,CCCC
1664980642,AAPL,700,137.73,351118,137.70824096840752,CCCC
1664978405,AMZN,-100,123.02,156713,123.01059244334223,AAAA
1664977798,GOOGL,-600,100.55,108504,100.5215313457459,BBBB
1664979457,GOOG,1000,101.81,247242,101.83484113243316,EEEE
1664978516,AAPL,900,144.08,169116,144.1866949663174,AAAA
1664980174,F,-400,11.72,310296,11.656403354824981,DDDD
1664979317,SPY,900,377.21,236626,377.1835476095413,BBBB
1664981893,AMD,-500,66.6,467277,66.64459600097975,CCCC
1664980590,AMD,700,67.77,345385,67.72481922447119,CCCC
1664980500,AMZN,100,126.13,338113,126.12268540664897,AAAA
1664981694,GOOGL,-600,100.73,451839,100.74538177275224,BBBB
1664976894,AAPL,600,147.84,30248,147.84671872537524,AAAA
1664981188,F,700,11.35,406061,11.342068345879433,CCCC
1664980858,GOOGL,1000,100.05,371289,100.10276715173093,BBBB
1664981297,SPY,900,381.67,415151,381.7079465502312,EEEE
1664978713,GOOGL,-900,101.41,181321,101.43533690427188,EEEE
1664980455,SPY,-800,378.53,335787,378.50568133484467,AAAA
1664977931,MSFT,300,248.41,120484,248.3146815709999,DDDD
1664977038,AAPL,-400,147.8,42541,147.73241089860895,DDDD
1664980848,META,600,127.21,369674,127.23879237835656,BBBB
1664978309,TSLA,200,236.05,150022,236.0851516151081,DDDD
1664976649,MSFT,400,249.78,6394,249.84650101005278,AAAA
1664978916,GOOG,400,103.08,200834,103.1647426252904,BBBB
1664977022,AAPL,-200,147.03,41781,146.99456799460782,DDDD
1664981816,GOOGL,400,102.61,461278,102.59159864314871,DDDD
1664980275,AMZN,100,127.92,319905,127.86830743146454,BBBB
1664979095,MSFT,-800,250.25,216477,250.25115929830804,AAAA
1664981385,TSLA,1000,227.1,426488,227.20871129504908,AAAA
1664980709,AMZN,900,127.92,356951,127.93545816024724,EEEE
1664981856,TSLA,-900,228.8,464856,228.82601833098735,AAAA
1664981088,GOOGL,-700,99.34,396632,99.32343363309897,CCCC
1664978200,SPY,-400,373.21,137932,373.1801932100144,EEEE
1664977051,SPY,-300,377.0,43757,377.0319284293536,AAAA
1664979443,SPY,400,380.56,245589,380.551271149755,DDDD
1664976744,GOOG,-500,103.62,16160,103.58741608885344,EEEE
1664981083,AAPL,-200,137.1,396223,137.06907309276195,AAAA
1664976766,AAPL,800,148.74,19121,148.7537473469411,CCCC
1664979673,GOOGL,-1000,101.35,266155,101.2566595646552,EEEE
1664979996,AAPL,-400,139.43,292801,139.4731895279496,EEEE
1664977557,AAPL,900,144.51,85896,144.46202016136505,DDDD
1664978637,AMZN,-300,122.8,176472,122.75645914486564,EEEE
1664979879,AMZN,100,126.93,283092,126.87030078840456,AAAA
1664977149,F,-900,12.33,50932,12.297562309719833,CCCC
1664979926,MSFT,700,255.56,286490,255.68764477505795,DDDD
1664980742,MSFT,200,252.96,360833,252.8929368116265,CCCC
1664977079,META,-800,139.68,45846,139.64059531081892,DDDD
1664977719,GOOGL,-900,101.09,101042,101.11837881558695,CCCC
1664976871,SPY,-300,378.49,28246,378.4567404771834,CCCC
1664979698,SPY,-100,389.5,269293,389.50685666720113,AAAA
1664979454,GOOG,200,102.23,246713,102.20585397828296,DDDD
1664976826,GOOG,900,103.65,24535,103.70439870013587,DDDD
1664979696,TSLA,300,229.77,269236,229.7870860743321,DDDD
1664980661,AMD,-900,68.02,352444,68.07977173266163,CCCC
1664979245,GOOG,-200,103.22,227985,103.21980922318204,BBBB
1664977288,AMD,-800,65.46,62831,65.48701337393484,DDDD
1664979986,TSLA,600,232.28,291743,232.3261689517629,EEEE
1664978989,META,200,132.2,208891,132.07781258287014,EEEE
1664978611,GOOGL,400,100.74,175380,100.68641231334189,AAAA
1664977736,SPY,900,379.52,103139,379.45158060465326,EEEE
1664977375,SPY,-400,374.33,67909,374.4021670840377,EEEE
1664978905,MSFT,-200,250.42,200194,250.4506045823469,DDDD
1664980976,F,300,11.44,384765,11.460668973469726,DDDD
1664977384,AMD,-300,65.5,69865,65.4896656337894,BBBB
1664978605,AMZN,800,122.88,174523,122.8632202005188,DDDD
1664978574,GOOG,-400,101.58,173993,101.60567839017754,DDDD
1664978301,TSLA,100,236.38,149206,236.34299240555998,CCCC
1664980043,SPY,100,385.41,298816,385.50234742389296,EEEE
1664978414,META,-100,132.79,156990,132.7769868151166,AAAA
1664981514,SPY,400,380.12,438905,380.08447101040167,AAAA
1664979266,SPY,400,375.34,232185,375.4172128445468,DDDD
1664979948,F,200,11.85,288167,11.842985560344443,DDDD
1664979671,SPY,-400,381.79,265705,381.8336857667392,BBBB
1664980562,AMD,700,67.42,342571,67.38424244395208,AAAA
1664979508,TSLA,500,233.49,254416,233.48136078933828,CCCC
1664977687,SPY,800,374.38,98436,374.4053152049435,CCCC
1664978399,GOOG,600,101.39,155898,101.30835054918309,CCCC
1664977239,TSLA,1000,238.62,58914,238.60739357444908,EEEE
1664981817,F,-700,11.44,461671,11.315709629416853,AAAA
1664979015,MSFT,100,250.18,211040,250.06982286070144,DDDD
1664977451,F,800,12.32,73817,12.40216537745397,BBBB
1664977643,AAPL,600,145.96,91415,146.00704526608445,DDDD
1664978121,SPY,300,375.06,132296,374.96190474029805,CCCC
1664980955,MSFT,400,256.48,381929,256.5191111907684,EEEE
1664977012,F,500,12.3,41423,12.26180833250099,AAAA
1664978703,AAPL,-300,143.46,181144,143.39412808547868,CCCC
1664978571,SPY,-200,367.57,173179,367.5473165254379,DDDD
1664977448,MSFT,-200,244.88,73521,245.0318938188227,AAAA
1664977001,F,500,12.26,40351,12.199150155147414,DDDD
1664981521,AAPL,700,138.61,439187,138.6481219468859,DDDD
1664976924,META,-800,138.75,33256,138.76347907549015,EEEE
1664976611,AMD,200,67.41,1465,67.3542459102079,CCCC
1664980114,AAPL,700,136.71,304178,136.624061790843,CCCC
1664980809,GOOGL,-300,102.05,366364,102.17975023380029,AAAA
1664977469,F,-500,12.29,74902,12.397718576923378,BBBB
1664980651,GOOG,-100,100.97,351737,100.98310434134409,AAAA
1664981450,MSFT,600,259.49,434205,259.51116098029445,EEEE
1664979484,AMD,200,68.1,251456,68.03849048181684,CCCC
1664978677,MSFT,800,252.96,179621,252.99734787820535,DDDD
1664980364,AMZN,-1000,127.78,326454,127.84693622341979,DDDD
1664977337,META,300,139.72,65394,139.72481674759598,AAAA
1664977269,AAPL,-100,147.61,60459,147.59555634328746,EEEE
1664976981,TSLA,-1000,239.48,37541,239.48349512809347,CCCC
1664977032,META,-700,138.77,42094,138.7985243770464,BBBB
1664977915,F,-1000,12.49,119411,12.465533502187553,CCCC
1664980750,GOOGL,400,102.03,361187,102.01540100005909,BBBB
1664977418,META,-700,138.9,71990,138.95052599303528,DDDD
1664977191,META,1000,139.51,54881,139.5266508867043,BBBB
1664979703,TSLA,-800,231.34,270235,231.4778790911984,DDDD
1664977985,SPY,1000,376.15,125195,376.20139644312525,DDDD
1664981467,MSFT,-800,260.45,436270,260.4465717070106,BBBB
1664980683,F,-1000,11.51,354283,11.467991594766024,DDDD
1664978435,SPY,400,371.63,159351,371.6023067745347,DDDD
1664976745,MSFT,-500,247.67,16867,247.6467857181201,CCCC
1664977660,SPY,100,376.97,93930,376.9741373511564,EEEE
1664976776,SPY,300,378.91,19129,378.923042930676,BBBB
1664977371,TSLA,1000,238.24,67847,238.20113497523025,AAAA
1664977207,GOOGL,-1000,101.33,57014,101.33889353577882,AAAA
1664979582,AMZN,700,126.18,258652,126.1728161012468,AAAA
1664977651,AMZN,700,121.39,93082,121.43149932430794,AAAA
1664977945,AMZN,800,124.5,121321,124.52327110740421,CCCC
1664981241,AMD,-800,67.56,411423,67.50937317087694,DDDD
1664980213,META,100,127.91,314462,127.85403214604717,AAAA
1664979787,TSLA,500,230.27,277877,230.22994226003073,CCCC
1664980718,GOOGL,-300,101.59,357220,101.547614638523,EEEE
1664980005,TSLA,500,229.97,294228,230.00041649613703,EEEE
1664978494,AMD,800,66.36,166562,66.35382438291218,EEEE
1664980128,GOOGL,700,102.35,304801,102.3498915860208,DDDD
1664981157,TSLA,900,225.84,403012,225.88405192109929,AAAA
1664979162,META,-200,132.24,222192,132.12753446202242,CCCC
1664977183,TSLA,900,238.06,53882,238.11098944322484,DDDD
1664979725,MSFT,-400,254.61,273633,254.637420002113,AAAA
1664979815,TSLA,900,231.19,278523,231.2195152420358,CCCC
1664978995,GOOGL,-900,102.79,209016,102.77628445712853,EEEE
1664981590,AAPL,-400,139.55,443353,139.51446807657135,DDDD
1664981800,TSLA,700,225.98,460227,226.01256829420743,EEEE
1664978617,META,100,133.92,175429,133.87837628830053,CCCC
1664977148,F,-800,12.27,49956,12.238217780986123,EEEE
1664976756,SPY,800,377.69,18158,377.7197222825811,EEEE
1664980397,GOOGL,500,101.86,330353,101.8767062627201,AAAA
1664981655,AAPL,100,139.07,449415,139.03683861769366,EEEE
1664977109,AAPL,-900,147.98,47667,147.94969594928102,CCCC
1664977849,MSFT,500,250.05,112119,250.0469171622714,EEEE
1664977267,AAPL,-900,147.64,60440,147.59429021662743,DDDD
1664980382,AAPL,800,135.95,328544,135.93600347049176,DDDD
1664979190,GOOG,-600,102.75,223968,102.74188174499476,BBBB
1664976920,AAPL,-700,146.76,31801,146.8083641392559,EEEE
1664981917,AMD,-700,66.03,469891,66.04791275057829,DDDD
1664978942,META,-400,133.05,203856,133.09941227901794,BBBB
1664981765,MSFT,-700,262.52,458146,262.5157071020281,AAAA
1664979991,AMZN,-800,127.58,292226,127.63937039418879,AAAA
1664976709,F,-700,12.41,12147,12.322316039655648,EEEE
1664977618,AMD,1000,65.62,90561,65.59798191564167,CCCC
1664981584,F,-500,11.48,443199,11.45099294407004,AAAA
1664980096,SPY,100,383.64,301533,383.6158983185317,EEEE
1664981267,SPY,600,381.74,412515,381.8147279474896,DDDD
1664981285,AMZN,500,132.8,413783,132.8479134015308,DDDD
1664981972,GOOGL,-700,101.1,477697,101.10427181251163,CCCC
1664977831,AMZN,-100,123.63,110097,123.68134618197645,BBBB
1664976945,SPY,1000,379.36,35267,379.29828540790055,AAAA
1664978455,GOOG,-900,100.96,161122,101.03289776834222,AAAA
1664979284,TSLA,-200,231.83,234039,231.89438721995586,EEEE
1664979477,AAPL,900,144.05,249401,144.0323389742274,CCCC
1664981535,AAPL,-300,138.93,440210,138.89109941155056,AAAA
1664979802,AMD,500,67.5,278204,67.56312043419634,CCCC
1664980265,GOOGL,-400,101.85,318432,101.82381409418726,DDDD
1664980029,TSLA,-900,228.37,296894,228.33793143131277,DDDD
1664979371,SPY,-200,381.75,241319,381.7018878802047,DDDD
1664980238,MSFT,1000,253.76,316655,253.79818839920614,AAAA
1664978366,AMZN,-600,124.06,154033,124.07873121162373,DDDD
1664979102,TSLA,800,235.16,216527,235.14785053579226,CCCC
1664981746,META,-300,126.18,456136,126.21276772935984,EEEE
1664980192,GOOG,700,102.38,310523,102.49190192594695,DDDD
1664976972,AMZN,300,120.11,37001,120.13214021955487,DDDD
1664978219,AMD,-200,66.2,139771,66.21310363024224,CCCC
1664978869,AMD,500,66.68,194469,66.62541190080789,CCCC
1664981651,AMD,-800,66.94,449236,66.94616056287242,BBBB
1664978641,AMZN,-1000,122.62,176599,122.71426680971572,AAAA
1664977792,META,-600,134.21,107190,134.3233967420663,CCCC
1664978786,AMD,600,66.19,187110,66.14608292823996,AAAA
1664981922,SPY,-600,376.14,470491,376.106968458919,EEEE
1664978817,AMZN,-100,135.65,188379,132.4701420991203,BBBB
1664980867,AMD,900,67.58,372742,67.52506825198685,EEEE
1664981870,GOOGL,-300,102.2,465515,102.15513118463912,CCCC
1664978422,AAPL,900,144.14,157560,144.2089004951101,AAAA
1664979618,MSFT,-600,250.02,261030,250.0387950666131,CCCC
1664979966,GOOG,300,101.78,289330,101.77040074832128,AAAA
1664980025,AAPL,-400,138.57,295944,138.59220382828542,BBBB
1664980997,GOOG,-500,99.25,386072,99.27711104570183,CCCC
1664981607,META,200,126.98,444687,126.97503106711982,CCCC
1664978463,GOOG,-900,100.46,162154,100.43696985507634,EEEE
1664977471,TSLA,-900,238.9,75537,238.86505168576642,BBBB
1664981820,MSFT,-800,262.31,461725,262.394553489874,EEEE
1664977835,SPY,600,376.95,111085,376.8980881416463,CCCC
1664977396,AMD,-300,65.79,70817,65.85763062146111,AAAA
1664978210,SPY,200,374.41,138458,374.3418257918783,AAAA
1664980158,AMZN,-400,125.1,309568,125.07192155457498,EEEE
1664978583,TSLA,-700,238.63,174015,238.63170264010932,BBBB
1664980256,AMZN,200,126.82,318160,126.8551452948462,BBBB
1664981115,GOOG,-800,98.26,399274,98.33138833824599,BBBB
1664980928,AMD,600,68.04,378734,68.10632801951343,AAAA
1664978686,GOOGL,-800,101.24,180403,101.11416535375861,CCCC
1664981364,TSLA,-300,228.7,423817,228.7140720451235,BBBB
1664978896,AMZN,-400,123.74,199296,123.78956034581195,DDDD
1664980202,AMZN,800,125.63,312957,125.63901550156416,EEEE
1664980701,AMZN,700,126.96,356949,126.89561876514347,CCCC
1664978747,GOOG,200,101.96,183435,102.02937864235747,AAAA
1664977561,META,-900,137.37,86765,137.34235889003358,EEEE
1664979537,TSLA,200,232.36,255639,232.3602325999519,CCCC
1664979144,AAPL,-400,142.12,220940,142.11958781910013,EEEE
1664979694,GOOG,-100,101.82,268271,101.77192770285487,EEEE
1664980879,GOOG,-700,99.74,374288,99.78077286467939,AAAA
1664976604,AMD,-300,68.03,1002,68.0902067546324,DDDD
1664981097,AMZN,700,132.03,397802,132.0095796545603,BBBB
1664977490,AMZN,300,121.68,77624,121.66660039355,DDDD
1664977061,META,-100,138.51,44678,138.4579960028631,CCCC
1664979843,TSLA,-800,232.0,280915,232.0500063432479,CCCC
1664978966,META,-200,133.18,206068,133.16465765850327,EEEE
1664981009,META,-900,126.29,387168,126.29286964770475,AAAA
1664978382,AMZN,-300,124.17,154417,124.26690412416215,BBBB
1664979592,AMD,-400,67.56,260124,67.56464006208654,AAAA
1664981717,GOOGL,600,101.65,453630,101.59416575906609,CCCC
1664980594,SPY,-900,376.67,345598,376.59192524457154,BBBB
1664976908,F,800,12.29,31217,12.281116371131148,CCCC
1664981202,AAPL,-900,136.77,407054,136.83306895184842,AAAA
1664982062,MSFT,-400,262.65,485976,262.6998673664656,AAAA
1664977881,GOOGL,900,100.88,117053,100.88474372213193,CCCC
1664977871,SPY,-500,378.11,114895,378.0786494175756,AAAA
1664977363,GOOG,-600,102.96,66933,102.95501047642648,BBBB
1664981563,META,700,126.94,441962,127.0150113561934,DDDD
1664980754,MSFT,300,252.63,361221,252.62965781923145,AAAA
1664978215,AMZN,400,125.98,139160,126.00799169300913,CCCC
1664980516,META,900,128.07,339244,128.0677903721994,EEEE
1664979859,GOOGL,400,101.42,282056,101.48655947023926,EEEE
1664978176,SPY,-1000,372.14,136989,372.132095555958,DDDD
1664980422,SPY,600,379.74,333687,379.6656282062926,AAAA
1664981346,GOOGL,-300,100.82,421581,100.86194994517439,EEEE
1664981529,META,100,127.34,439665,127.29057628870831,AAAA
1664979810,SPY,600,387.78,278450,387.7138431490242,EEEE
1664979589,AAPL,900,142.41,259618,142.41821164355872,AAAA
1664981883,AMD,600,66.82,466855,66.83493374992248,EEEE
1664977876,GOOGL,400,100.52,116189,100.53978020870225,DDDD
1664978229,TSLA,-600,233.47,141089,233.4407694987961,DDDD
1664979916,SPY,-100,385.02,286395,384.94474020775044,EEEE
1664981930,TSLA,500,228.55,472229,228.47793656948275,CCCC
1664977280,AAPL,100,146.3,62080,146.2641649766922,DDDD
1664976618,AMZN,-200,121.24,2919,121.1880351095677,AAAA
1664979403,MSFT,-800,249.86,242395,249.87838408374984,DDDD
1664979254,META,-400,132.48,228818,132.50503989613279,AAAA
1664981618,MSFT,-100,260.09,446113,260.1252839795868,AAAA
1664977744,AMZN,700,123.12,103471,123.08640267876706,EEEE
1664977340,AMD,300,65.69,65918,65.72950903353208,EEEE
1664978692,MSFT,700,253.27,180406,253.1890415183251,EEEE
1664981231,META,-500,127.45,411050,127.46636002995335,DDDD
1664981754,AAPL,-800,139.16,457127,139.1850135363927,DDDD
1664979336,GOOG,-900,103.05,238071,102.98964307436948,BBBB
1664981641,MSFT,-600,262.28,448919,262.2580414712443,AAAA
1664981105,AMZN,300,131.34,397922,131.44146055092892,EEEE
1664977765,GOOGL,1000,101.03,105245,100.9613474184544,BBBB
1664979001,TSLA,-300,235.59,209404,235.49959288094598,CCCC
1664981638,AMD,500,67.05,448317,66.98357187432403,CCCC
1664977302,SPY,-600,374.85,63171,374.7846326338553,AAAA
1664980421,AMZN,300,126.85,332868,126.85373362348943,BBBB
1664978222,GOOG,-300,101.53,140284,101.44571193424692,CCCC
1664981989,GOOGL,800,101.13,479028,101.03531309007187,EEEE
1664980112,SPY,300,386.55,303846,386.5511411816039,CCCC
1664981873,SPY,100,374.82,466441,374.79631707801127,DDDD
1664981963,META,-100,129.26,476892,129.26388967301423,CCCC
1664979124,GOOGL,-300,102.07,219481,102.20322521564755,DDDD
1664981304,GOOGL,-400,100.91,415649,100.95726760435531,CCCC
1664978394,META,100,133.06,155340,132.9880625447946,BBBB
1664978792,F,-100,12.02,187263,12.081042554941114,CCCC
1664977214,AMZN,-200,122.17,57420,122.16557479081254,DDDD
1664977408,META,-400,139.65,71116,139.62131775554977,BBBB
1664977008,AMD,100,65.27,40656,65.29081888250745,DDDD
1664977774,AMZN,900,123.09,105677,123.02196729309003,DDDD
1664980149,GOOG,-100,102.53,308658,102.55003904002052,AAAA
1664977673,AAPL,-900,145.55,94827,145.54541659563094,DDDD
1664980779,GOOGL,-100,102.54,363744,102.54602192419233,BBBB
1664980492,AMZN,-600,126.11,337768,126.06910797144344,EEEE
1664980513,MSFT,-500,253.67,338736,253.73103306304137,DDDD
1664979255,SPY,200,372.96,229735,373.0155773387109,AAAA
1664981844,AMZN,-1000,135.46,464028,378.1763653593448,DDDD
1664978447,SPY,200,368.31,160946,368.375842921334,BBBB
1664976890,TSLA,400,240.34,29288,240.35403817288855,CCCC
1664978932,TSLA,-700,235.71,202783,235.73988904834624,AAAA
1664980886,META,900,127.56,374889,127.51647120809098,BBBB
1664979134,GOOG,-100,102.94,219928,102.98850171467522,DDDD
1664978886,TSLA,-700,235.44,197004,235.40208622818622,DDDD
1664980906,F,-1000,11.47,376369,11.401588237097888,DDDD
1664977726,GOOGL,-400,101.09,102149,101.04253358723267,AAAA
1664981209,AMD,-400,67.76,409083,67.78651240161471,DDDD
1664979373,SPY,-300,382.78,241339,382.8689220077461,DDDD
1664979057,TSLA,-900,234.83,212617,234.77220763443125,EEEE
1664980468,SPY,400,376.19,336533,376.233774166829,EEEE
1664978833,AMZN,-100,123.71,190273,123.7440941574155,BBBB
1664981027,AMZN,-600,130.29,388805,130.2292863424965,DDDD
1664977784,AMZN,300,123.54,106460,123.55217061342742,CCCC
1664978325,SPY,-100,373.89,150622,373.9512849133276,CCCC
1664981554,AMZN,300,133.25,440940,133.28945855440955,BBBB
1664976602,META,-1000,139.45,355,139.47269144905292,DDDD
1664977663,SPY,1000,373.95,94318,373.8784974527991,CCCC
1664981488,META,400,127.34,437905,127.36976367847068,CCCC
1664978972,AAPL,900,142.69,207014,142.63740432025432,BBBB
1664981345,AMD,1000,67.0,420814,66.95579478562743,EEEE
1664978160,META,-900,134.63,135718,134.62105505073652,EEEE
1664979395,AAPL,1000,144.1,241877,144.07115970823475,AAAA
1664981633,AMD,700,67.05,447686,67.06650006509146,CCCC
1664979077,META,200,131.7,214651,131.71539613869058,EEEE
1664980531,SPY,-400,375.36,340472,375.366421817197,EEEE
1664980825,AAPL,500,137.81,367124,137.86851485207595,AAAA
1664981444,AAPL,-700,136.99,433725,137.05677773998895,AAAA
1664976807,META,-200,139.35,22801,139.312809862156,DDDD
1664979446,META,-700,130.74,245998,130.74947457974997,CCCC
1664982024,F,300,11.46,481474,11.451042195423007,CCCC
1664980734,AAPL,-300,138.95,359303,138.94265131305738,DDDD
1664978186,MSFT,300,261.9,137448,12.313915039030434,BBBB
1664981571,GOOG,-900,97.63,442696,97.61815445430415,BBBB
1664978102,META,-900,135.02,131350,135.06770871620225,DDDD
1664977633,META,600,135.25,91407,135.30931023704346,BBBB
1664981956,SPY,-200,375.96,476107,375.9530599930391,AAAA
1664978958,AMZN,-900,123.03,205760,123.08923640264167,AAAA
1664977720,SPY,600,378.19,101635,378.16361313050857,CCCC
1664979330,AMD,-500,67.39,237752,67.38351354244328,DDDD
1664981166,TSLA,-400,226.09,403938,226.07860008253377,DDDD
1664980444,SPY,-600,380.43,335320,380.40575937888354,AAAA
1664980603,GOOG,900,101.73,346581,101.63832360733217,BBBB
1664978334,GOOGL,-400,100.72,150739,100.77958188453692,AAAA
1664978633,MSFT,600,252.78,176088,252.65405361081446,EEEE
1664981013,AAPL,-300,137.53,387656,137.52745897848177,DDDD
1664979389,GOOG,200,103.26,241567,103.28067204793533,CCCC
1664980919,SPY,300,380.51,378148,380.6261667554921,CCCC
1664978952,AMD,-300,67.01,204804,67.05968412878796,EEEE
1664981342,MSFT,-800,257.83,420077,257.7963616218857,BBBB
1664979662,GOOGL,600,100.96,264770,100.95508823022692,CCCC
1664979503,SPY,900,384.03,253551,384.1136779360143,AAAA
1664977846,TSLA,-200,236.32,112079,236.3381575235927,DDDD
1664977556,SPY,100,377.29,85811,377.27147156594475,DDDD
1664978920,META,300,133.87,201861,133.92985039661508,EEEE
1664979612,AMD,-600,67.54,260697,67.63483114762754,CCCC
1664981908,F,-100,11.44,468882,11.436625891770031,DDDD
1664980724,SPY,-400,377.98,358157,377.9683330809883,EEEE
1664978166,TSLA,-100,234.53,136787,234.48528633824137,EEEE
1664977070,AMD,-800,65.44,45331,65.47964086797714,EEEE
1664981828,TSLA,-700,229.77,462846,229.6541664303753,AAAA
1664981702,META,-800,126.16,452893,126.19568845143498,CCCC
1664978391,GOOGL,700,100.37,154994,100.40698605542805,BBBB
1664979411,GOOG,1000,103.26,243372,103.18455081366048,AAAA
1664981046,AMZN,-500,130.37,391830,130.36620654428975,AAAA
1664976881,MSFT,800,243.56,28303,243.55428577900204,BBBB
1664979258,MSFT,-300,251.61,230481,251.57899787148233,AAAA
1664981373,TSLA,600,226.29,424676,226.34757068328165,AAAA
1664979117,TSLA,900,234.86,218199,234.90585292157795,DDDD
1664978651,META,1000,133.53,176847,133.5442915818845,BBBB
1664978357,GOOG,-600,101.16,153223,101.0568879340041,DDDD
1664979546,META,-900,130.4,256617,130.45667339004936,DDDD
1664980691,AAPL,-900,137.88,355815,137.84773282900738,EEEE
1664980280,META,700,128.55,320765,128.56103900991437,BBBB
1664981799,META,-800,127.55,459863,127.53599451163048,CCCC
1664980668,AAPL,700,137.81,352817,137.81858281626947,AAAA
1664976721,MSFT,-700,247.15,13887,247.199616130057,DDDD
1664976946,SPY,-500,378.66,35483,378.629298708429,EEEE
1664980086,GOOGL,400,101.38,301247,101.50211324520627,AAAA
1664980505,F,700,11.61,338673,11.624157770144036,AAAA
1664977057,AMZN,-800,120.75,44136,120.71077206341864,DDDD
1664981855,AMZN,-900,133.19,464812,133.20245599452386,AAAA
1664977590,F,-1000,12.52,89387,12.470019417945027,EEEE
1664980844,META,100,127.78,368855,127.7636866944393,EEEE
1664978996,SPY,-100,371.26,209193,371.3227455973622,AAAA
1664979147,GOOGL,700,102.55,221903,102.63670876676467,AAAA
1664976801,META,-700,139.35,21959,139.3213513504831,CCCC
1664977524,AMZN,-200,121.52,81091,121.48851370759813,EEEE
1664978038,GOOG,200,102.18,128323,102.22693011880114,EEEE
1664980358,META,-300,128.02,325828,128.05358321569577,EEEE
1664978266,TSLA,-200,234.63,144823,234.55319784945445,AAAA
1664977187,META,-700,138.5,54667,138.42500848678156,DDDD
1664977680,GOOG,-1000,103.94,97990,103.97778486335753,BBBB
1664977675,GOOG,400,104.01,96136,104.00429282303979,CCCC
1664977909,AMD,-300,65.15,118461,65.14317737731469,BBBB
1664980489,GOOG,1000,100.94,337718,100.92501549395432,AAAA
1664976840,AMZN,-700,122.05,25807,122.04236661957539,AAAA
1664979165,AMZN,300,122.27,222524,122.31563458161716,EEEE
1664976656,GOOGL,-200,101.44,7260,101.49553954778628,BBBB
1664980570,TSLA,200,228.56,343474,228.62192313932786,BBBB
1664977229,F,1000,12.28,57773,12.305020976970361,BBBB
1664979357,GOOGL,1000,102.81,240459,102.79167800450786,EEEE
1664978730,GOOGL,-700,101.52,181729,101.50077606433116,BBBB
1664977162,TSLA,200,239.8,51619,239.806480314459,AAAA
1664981184,AAPL,-700,136.42,405951,136.41646987159316,DDDD
1664978849,SPY,300,372.35,192307,372.4529925513333,BBBB
1664976686,F,900,12.28,9490,12.293309837562559,DDDD
1664980201,TSLA,400,227.56,312674,227.52160348169912,DDDD
1664977646,AMZN,-1000,121.79,91610,121.75249613958124,EEEE
1664981064,F,200,11.43,392748,11.51279646052187,DDDD
1664978104,AMZN,800,125.69,131550,125.67419141275661,EEEE
1664977199,AAPL,-800,148.24,56157,148.3390823060677,AAAA
1664980417,GOOG,-900,101.63,332091,101.57015075101941,BBBB
1664981837,META,-100,127.52,463524,127.58580545437304,EEEE
1664980432,AAPL,-500,137.28,334109,137.252820448358,AAAA
1664980223,GOOGL,-1000,102.39,315899,102.39057279791245,CCCC
1664979733,TSLA,-300,229.92,274338,229.86136284557034,BBBB
1664976751,META,1000,138.77,17941,138.69121889685712,AAAA
1664976727,AAPL,600,148.07,14108,148.09824867170477,BBBB
1664980525,SPY,-200,377.37,339702,377.2678033479926,EEEE
1664980571,AAPL,-900,137.5,344238,137.43206887039133,DDDD
1664982089,AAPL,-100,139.89,488762,139.90332524384505,AAAA
1664978480,F,500,12.02,164803,12.052253008535724,CCCC
1664979690,F,-200,11.74,267933,11.766573875782086,AAAA
1664977823,F,500,12.63,109676,12.705917097104734,AAAA
1664979528,TSLA,500,231.04,255589,231.11326263703629,DDDD
1664978933,AMZN,-500,123.36,203121,123.4175397371184,BBBB
1664981641,MSFT,-600,262.28,448919,262.2580414712443,AAAA
1664979112,GOOGL,700,102.75,218077,102.77824802595269,AAAA
1664976673,META,-400,139.44,8442,139.4274118880178,EEEE
1664980351,AMZN,-900,127.4,325148,127.4256699800978,DDDD
1664976953,GOOG,900,103.98,36095,104.02942500546844,BBBB
1664976724,AMD,100,66.9,13960,66.9557150464914,EEEE
1664979136,TSLA,-800,233.02,220325,232.9652525424299,AAAA
1664977513,GOOGL,600,101.36,80384,101.39891209160571,BBBB
1664979974,MSFT,800,255.18,290130,255.2525889819277,DDDD
1664980791,GOOG,1000,99.19,365437,99.33131846190571,BBBB
1664979495,AMZN,-200,125.85,252739,125.8248697995764,CCCC
1664980446,GOOGL,-100,102.62,335358,102.61906360542478,EEEE
1664977755,GOOGL,200,101.01,104604,101.09265857062829,CCCC
1664981339,AMD,800,67.36,419116,67.23637848415093,EEEE
1664981081,AAPL,900,138.31,395648,138.20281831065927,DDDD
1664981995,AAPL,700,139.68,479786,11.560471152727654,BBBB
1664979363,META,100,131.65,241317,131.67186382261897,AAAA
1664981610,GOOGL,-800,100.26,445220,100.21007129186877,DDDD
1664980578,GOOG,300,100.99,344266,101.04069463853968,AAAA
1664976706,AAPL,700,146.86,11323,146.95279911020953,BBBB
1664981699,SPY,800,375.77,452474,375.7107351625616,BBBB
1664980798,AMD,600,67.93,366062,67.8872625938243,DDDD
1664978801,AAPL,900,143.91,187411,143.95824668997716,AAAA
1664977978,F,900,12.45,124328,12.373340552225683,CCCC
1664979761,SPY,-500,390.28,275490,390.2863593244942,CCCC
1664977807,GOOGL,200,100.1,108696,100.14678466489238,EEEE
1664977167,META,300,138.6,51687,138.639647026368,CCCC
1664978051,F,700,12.44,128676,12.489449694699756,CCCC
1664978592,META,-100,133.55,174247,133.58914291814582,AAAA
1664980655,SPY,-100,379.63,352350,379.67913802861307,DDDD
1664980587,MSFT,900,253.5,344925,253.49982567511555,DDDD
1664980868,AAPL,200,137.32,373479,137.28233202704158,CCCC
1664978005,F,1000,12.39,125883,12.384466901745796,BBBB
1664978155,GOOG,100,101.62,135350,101.6271795923757,EEEE
1664978555,F,-800,12.09,172055,11.954321973031563,CCCC
1664981311,SPY,900,380.14,417138,380.14813177417375,CCCC
1664976985,MSFT,-900,245.14,38147,245.18021712246846,AAAA
1664979623,TSLA,400,232.19,261241,232.23431112299747,CCCC
1664980249,GOOG,900,102.45,317794,102.37477730822947,AAAA
1664980937,AAPL,400,136.81,379702,136.74263831986943,EEEE
1664979719,TSLA,-800,230.42,272824,230.33021479833897,DDDD
1664979381,GOOGL,-500,102.9,241375,102.86290481601743,BBBB
1664979680,AMZN,-900,125.6,267246,125.52426412941142,CCCC
1664976622,AMZN,1000,121.16,4253,121.23000244018591,EEEE
1664980731,GOOG,300,99.62,358797,99.66666636976763,DDDD
1664979004,F,1000,11.84,210336,11.8935032982876,EEEE
1664979907,F,1000,11.76,285322,11.731655201038476,AAAA
1664982030,AMZN,-400,135.95,482182,135.9681887486404,DDDD
1664979506,SPY,700,381.01,253965,380.9535672625034,EEEE
1664977394,SPY,-300,374.89,70720,374.83112279609986,EEEE
1664980860,SPY,-500,378.59,372139,378.5977179097761,BBBB
1664977124,META,-300,139.75,48510,139.7685412362743,BBBB
1664979676,SPY,-500,385.41,266630,385.40822929118207,EEEE
1664978275,TSLA,-1000,234.93,146502,234.87820053091573,CCCC
1664980766,AMD,700,68.04,362958,68.0030974527603,DDDD
1664976696,GOOG,900,103.09,9674,103.13012235883674,AAAA
1664981902,GOOGL,300,101.7,467966,101.72965785948111,CCCC
1664978773,META,800,132.84,185560,132.8957716910743,EEEE
1664977712,F,-300,12.59,100235,12.687036635383388,BBBB
1664979496,META,-500,129.69,253362,129.68236985955858,CCCC
1664978283,SPY,-500,373.5,148058,373.50728088808626,AAAA
1664981686,META,800,127.14,451088,127.13500530384269,DDDD
1664979793,GOOG,700,101.56,277994,101.55615219253501,BBBB
1664979997,GOOG,-200,101.69,293785,101.6219042821194,EEEE
1664979833,AAPL,300,140.13,279603,140.19751268975287,CCCC
1664979838,AAPL,-900,140.61,280017,140.18904889502105,EEEE
1664980403,META,700,128.04,330621,128.11562161966222,DDDD
1664982015,TSLA,-200,229.7,481315,229.69509188918613,AAAA
1664976739,GOOGL,500,102.05,15306,101.99636718610984,AAAA
1664981351,SPY,600,378.87,421990,378.8416330194735,EEEE
1664981625,AMZN,-700,133.45,447249,133.46589036478133,DDDD
1664979299,GOOG,-400,102.95,235225,102.93352473779966,CCCC
1664979073,AMZN,1000,122.47,214571,122.5245542364739,CCCC
1664979236,AMZN,1000,124.26,226932,124.23417032261241,BBBB
1664978467,F,-900,12.2,162234,12.179405597147097,DDDD
1664977962,GOOG,-100,102.26,122952,102.32890703150916,CCCC
1664981018,TSLA,-400,226.44,388351,226.4685152824957,CCCC
1664980782,AAPL,500,138.01,364446,138.03990441126265,DDDD
1664981912,AMD,-200,66.42,468911,66.45329291498534,CCCC
1664980821,GOOGL,-600,100.62,366883,100.632042703614,CCCC
1664978986,AAPL,-200,143.17,208438,143.13551798720073,EEEE
1664978268,AMZN,900,125.55,145675,125.44313044972688,BBBB
1664980411,AMD,-400,67.45,331868,67.48684592873695,BBBB
1664979152,TSLA,100,232.88,221949,232.9368049262299,BBBB
1664978269,AAPL,-400,142.9,146258,142.90552486195443,BBBB
1664978824,TSLA,-300,237.62,188686,237.6618602880607,CCCC
1664981379,GOOG,-300,98.64,426105,98.61305779095204,DDDD
1664978161,MSFT,200,254.55,136444,254.59022339420798,AAAA
1664977583,META,600,136.27,88658,136.30838896342098,EEEE
1664978743,SPY,600,369.79,182625,369.85296309002723,BBBB
1664981016,SPY,100,380.79,387864,380.7349733017442,AAAA
1664977781,SPY,100,377.82,105809,377.85111206744125,CCCC
1664981002,TSLA,-900,227.78,386701,227.75088083984355,AAAA
1664980954,TSLA,1000,228.27,381236,228.28013172119014,DDDD
1664979695,AMZN,-1000,125.99,268988,125.95936671985581,EEEE
1664976663,META,1000,139.64,7704,139.59411069179743,EEEE
1664980050,TSLA,-300,229.54,299097,229.50407583185108,CCCC
1664977946,F,-500,12.43,121819,12.43299564089317,AAAA
1664979244,SPY,-600,372.53,227904,372.43823680577276,DDDD
1664981334,AMD,1000,67.66,418523,67.64053622167843,BBBB
1664981599,TSLA,600,227.1,444679,227.1108432321815,BBBB
1664978981,AMD,400,66.8,208101,66.76669214842192,BBBB
1664979778,AAPL,-700,140.08,277594,140.09670171894987,DDDD
1664981566,AMZN,-700,133.78,442250,133.72184243823975,EEEE
1664980333,MSFT,700,254.74,324701,254.75309496553487,EEEE
1664978626,GOOGL,400,100.64,175755,100.66761796061775,EEEE
1664981923,AAPL,200,139.62,471208,139.5774382904236,EEEE
1664978423,TSLA,400,237.0,158039,236.94923941716578,CCCC
1664981399,META,-500,127.45,426887,127.42947788465598,DDDD
1664980266,F,-500,11.76,318823,11.765478240560647,AAAA
1664979868,GOOGL,-200,101.36,282597,101.33062326084166,BBBB
1664978831,F,-600,11.99,189742,12.041416428229502,BBBB
1664980971,SPY,1000,382.29,383465,382.28157612285975,BBBB
1664978195,AMZN,300,126.29,137453,126.31909172409405,AAAA
1664977891,AMD,1000,65.24,117596,65.18917328249584,AAAA
1664978627,AAPL,-200,144.41,176079,144.4641122247154,CCCC
1664977489,GOOG,200,102.88,77623,102.89250936759551,AAAA
1664979710,GOOG,-300,102.13,270965,102.1256831990921,CCCC
1664979643,SPY,700,380.59,263141,380.5476346780832,DDDD
1664977972,MSFT,-1000,251.12,123520,251.05441511622806,DDDD
1664979479,TSLA,-500,232.09,249686,232.09069268656575,AAAA
1664981730,F,-900,11.37,454292,11.30980743474364,EEEE
1664979481,AAPL,800,143.99,250597,144.01404357361977,BBBB
1664979572,GOOG,-900,102.15,258139,102.17604914445523,BBBB
1664980391,F,700,11.73,329535,11.811724649812533,BBBB
1664977423,F,200,12.32,72023,12.353793897484092,CCCC
1664979563,META,-300,129.35,257990,129.32740493964513,BBBB
1664981401,MSFT,-300,261.17,427543,261.1686381774412,EEEE
1664979282,AMZN,600,125.12,233612,125.15112065100818,CCCC
1664980405,TSLA,800,228.02,331420,227.9078142479996,BBBB
1664979884,TSLA,-400,231.44,284020,231.46012951816087,EEEE
1664978935,F,800,11.89,203819,11.97678005403454,EEEE
1664977438,GOOG,400,103.02,72831,103.04158753541353,DDDD
1664977796,GOOG,-1000,104.5,107674,104.510561190567,BBBB
1664979717,MSFT,800,252.15,272044,252.10449240043988,CCCC
1664977258,META,-100,139.29,60187,139.28829519432583,DDDD
1664980199,SPY,1000,386.51,311380,386.58679239164945,BBBB
1664977941,MSFT,100,248.2,121201,248.17290336226455,EEEE
1664979975,TSLA,600,232.03,290554,232.09448216307962,BBBB
1664980303,F,-200,11.74,322463,11.798416730804151,CCCC
1664980688,MSFT,600,252.4,355116,252.29036906107365,AAAA
1664977525,GOOGL,-600,101.18,81458,101.21507913690421,BBBB
1664978829,AMD,-100,66.67,188753,66.64638805858024,EEEE
1664981789,TSLA,-100,228.63,459442,228.57990478386048,AAAA
1664979468,TSLA,100,232.11,248761,232.1190156023392,AAAA
1664979268,AAPL,-100,142.97,232657,142.96611713733978,AAAA
1664980541,META,800,127.94,340661,127.99046600643847,BBBB
1664978144,TSLA,-800,235.46,134345,235.45425388978782,CCCC
1664981093,META,100,126.88,397426,126.89973538956473,EEEE
1664979894,GOOGL,-200,101.22,284744,101.24965762870914,DDDD
1664978563,SPY,-300,366.31,172641,366.2476664190384,AAAA
1664980870,AMD,-100,67.77,373762,67.69720502285217,CCCC
1664978760,TSLA,900,238.8,184367,238.84039179226934,BBBB
1664979264,META,-500,132.27,231266,132.24540224961004,CCCC
1664976702,META,800,138.41,9820,138.39457719057572,DDDD
1664978112,TSLA,400,237.81,131751,237.74442689178719,BBBB
1664976619,GOOGL,300,101.96,3481,101.88354507557332,EEEE
1664980673,META,700,127.49,353643,127.40793697432326,BBBB
1664982098,TSLA,200,229.71,488825,229.65814420321672,CCCC
1664976717,AMZN,-300,121.82,13141,121.80017981148448,AAAA
1664979908,F,-400,11.82,285555,11.77304410697864,AAAA
1664978720,META,-100,133.02,181352,132.9938159176415,EEEE
1664978148,AMD,400,66.31,134782,66.32744547393784,EEEE
1664978810,AMZN,-300,122.72,188150,122.76336495619384,AAAA
1664980077,MSFT,400,255.08,300716,255.13271844967556,CCCC
1664981421,GOOG,-800,98.17,430935,98.17714577154179,EEEE
1664979653,TSLA,600,230.77,264115,230.8052425724643,CCCC
1664979739,GOOG,400,101.86,274721,101.79159007973821,BBBB
1664979035,F,400,11.85,211722,11.888270307602228,CCCC
1664980272,MSFT,-100,254.57,319583,254.54844549502917,CCCC
1664981679,AMD,900,67.09,450702,67.08275994749023,AAAA
1664981159,GOOGL,200,100.54,403711,100.42656661215582,AAAA
1664979724,SPY,-100,389.26,273415,389.2658364314017,EEEE
1664978048,GOOG,500,102.32,128479,102.24239401955714,BBBB
1664980295,GOOGL,500,101.46,321830,101.50160914574965,AAAA
1664978444,AMD,600,66.29,160273,66.30395278467346,CCCC
1664979204,GOOG,500,103.31,226021,103.2731306800219,CCCC
1664981213,META,300,128.36,409459,128.39411948593943,CCCC
1664977146,F,600,12.19,49478,12.202316257231589,EEEE
1664979756,F,1000,11.76,275040,11.77756354129688,EEEE
1664977543,F,-100,12.47,84199,12.547255626022553,BBBB
1664978841,TSLA,-1000,236.29,191254,236.296799602407,BBBB
1664981203,AAPL,-100,137.13,407803,137.05962290997752,DDDD
1664980850,GOOGL,-700,100.03,369748,100.05342993752585,AAAA
1664981578,GOOGL,200,100.42,443039,100.40743577538096,EEEE
1664980318,SPY,200,384.43,323672,384.33704032101406,AAAA
1664980941,GOOG,700,99.67,380073,99.63237989569951,CCCC
1664978859,AMZN,300,123.25,193541,123.23048247577134,EEEE
1664977192,META,-800,139.61,55448,139.55173094408462,EEEE
1664979610,META,900,128.38,260464,128.43187111892007,AAAA
1664977155,AMZN,-600,121.98,51290,121.92947424755958,EEEE
1664977514,META,700,137.99,80579,138.03728494392197,AAAA
1664978244,META,-100,134.16,142138,134.10728251246033,EEEE
1664978234,META,-400,134.46,141585,134.46632839296473,AAAA
1664977693,AAPL,400,143.64,98877,143.57357020433264,EEEE
1664981940,GOOGL,900,101.6,473762,101.63913774124467,DDDD
1664976859,SPY,-400,377.26,27446,377.2598245866998,AAAA
1664981035,MSFT,900,259.32,390452,259.38364472786236,DDDD
1664980834,META,-700,127.88,367377,127.85176278449411,EEEE
1664977995,AMD,200,65.23,125782,65.153998761065,EEEE
1664976991,AMZN,-600,120.11,39215,120.16999765127007,CCCC
1664979886,TSLA,900,233.58,284725,233.6727051596086,CCCC
1664978585,META,-400,132.5,174024,132.47376878128924,AAAA
1664981180,TSLA,1000,226.32,405341,226.27895891880047,CCCC
1664980033,AMD,-900,67.51,298562,67.55928687642638,DDDD
1664977957,AAPL,-900,140.76,122290,140.83860667982376,AAAA
1664978956,F,-800,11.88,204999,11.896717395880186,DDDD
1664977843,MSFT,300,249.32,111244,249.2991259862719,BBBB
1664980174,F,-400,11.72,310296,11.656403354824981,DDDD
1664980138,AMD,200,67.29,307018,67.26555362189727,AAAA
1664981038,META,-500,126.82,390851,126.77536432980462,CCCC
1664981555,SPY,900,380.06,441207,380.06988774391533,AAAA
1664979637,TSLA,-1000,230.42,262996,230.4818293949757,BBBB
1664978291,SPY,700,374.26,148788,374.14518451855577,BBBB
1664977343,AAPL,-200,146.8,66221,146.77786461276673,BBBB
1664981707,GOOG,100,98.17,453287,98.18571068858381,EEEE
1664982049,AMD,300,65.5,484144,65.5027376208284,AAAA
1664977530,TSLA,300,238.55,82684,238.5595089503827,DDDD
1664978060,MSFT,200,253.97,129602,253.98732652253108,DDDD
1664980101,GOOG,-400,101.96,302428,101.97126585249093,AAAA
1664979691,AMZN,-100,125.66,267942,125.74996800240808,EEEE
1664978848,TSLA,300,235.67,191609,235.6621242479678,CCCC
1664980013,META,-700,128.12,295108,128.08952232000817,AAAA
1664978473,AMD,200,66.31,163957,66.34061571789496,DDDD
1664979667,GOOG,600,101.93,265567,102.00125265106313,CCCC
1664978094,MSFT,200,254.7,131301,254.6473458775352,AAAA
1664981440,MSFT,-700,260.26,433571,260.29216614459887,EEEE
1664978124,F,-600,12.37,132559,12.46031003365359,BBBB
1664980621,AMD,300,67.91,348812,67.87852030341752,BBBB
1664977536,AAPL,-700,144.55,83441,144.62948469337854,CCCC
1664977430,META,200,138.79,72153,138.7790899471223,CCCC
1664979634,AMD,200,67.4,262265,67.37974724913566,CCCC
1664978880,MSFT,-700,249.71,195339,249.66070069404876,DDDD
1664979027,AMZN,200,122.73,211476,122.665357349906,DDDD
1664981758,META,-400,126.02,457840,126.0036716837815,BBBB
1664980147,GOOGL,100,101.65,308118,101.60389818555288,BBBB
1664978346,MSFT,-400,252.17,152478,252.18572505051878,BBBB
1664981950,SPY,-600,375.2,474187,375.0868435961895,EEEE
1664979555,SPY,-500,384.81,257087,384.8252504079051,AAAA
1664978550,GOOG,-600,100.31,172031,100.30948378311251,EEEE
1664981329,AMZN,-1000,133.55,417861,133.61494908567562,AAAA
1664977897,AMD,700,65.57,117640,65.54410782289894,AAAA
1664979870,GOOG,-300,101.83,283091,101.7930770710014,CCCC
1664980165,MSFT,800,254.23,309684,254.309726876746,CCCC
1664981085,AAPL,-800,136.27,396310,136.25824688997827,CCCC
1664980755,AAPL,1000,138.25,361811,138.29976821803007,EEEE
1664977376,AMZN,500,121.49,68645,121.56982062537575,CCCC
1664978316,GOOGL,-900,100.04,150041,99.97592308214652,BBBB
1664977748,MSFT,1000,247.85,104144,247.7639943193133,DDDD
1664978070,AMZN,200,125.79,129713,125.70731974614483,CCCC
1664981781,META,1000,126.97,458821,127.00513736065929,EEEE
1664978317,GOOGL,-400,100.65,150202,100.58723312933527,CCCC
1664977620,GOOGL,-200,101.35,91046,101.30637547133489,DDDD
1664977505,F,1000,12.38,79504,12.516788058953424,EEEE
1664980220,AMZN,-100,126.24,315447,126.14200208019503,BBBB
1664981011,SPY,200,381.82,387649,381.82847499391545,DDDD
1664979058,F,-500,11.81,213197,11.857224037703416,CCCC
1664976922,AAPL,-200,147.11,32702,147.08026872624717,BBBB
1664977114,AMD,900,65.61,48088,65.52902885272854,BBBB
1664978878,AMZN,-600,123.61,194807,123.61790832953868,AAAA
1664977702,GOOG,700,104.01,100013,103.99833052139513,BBBB
1664981477,TSLA,100,228.67,437259,228.6448225994825,BBBB
1664978889,META,300,132.63,198482,132.61973009266168,BBBB
1664981250,GOOG,900,98.34,411549,98.35108700214387,AAAA
1664980762,AMZN,-800,129.13,362651,129.1743384437618,CCCC
1664978335,GOOG,900,101.83,151700,101.90256196165778,DDDD
1664978138,AMD,800,65.54,133821,65.5029793826842,CCCC
1664978693,GOOGL,-400,101.27,180454,101.28697134024539,EEEE
1664978293,META,500,133.66,148995,133.6387213645584,CCCC
1664979941,SPY,-700,384.7,287275,384.6767715271085,EEEE
1664977609,F,600,12.69,90151,12.687287387736996,CCCC
1664981464,GOOG,300,97.92,434841,97.8867246743348,AAAA
1664980136,META,100,128.34,306826,128.31231874547916,EEEE
1664980218,AMZN,-900,125.38,314901,125.37033979348989,DDDD
1664978351,META,500,132.99,153033,133.0358028288162,EEEE
1664977875,AAPL,800,143.17,115484,143.16139279098624,EEEE
1664979991,AMZN,-800,127.58,292226,127.63937039418879,AAAA
1664981277,TSLA,-300,228.93,413550,228.8579876623397,EEEE
1664978919,GOOGL,-300,101.67,201453,101.64703361394984,CCCC
1664982053,TSLA,-900,230.03,484588,230.04507686112458,BBBB
1664976669,AMD,-600,67.14,7896,67.03911754735739,AAAA
1664980737,GOOG,-900,99.43,360253,99.4974554618158,DDDD
1664980326,SPY,-800,384.95,323830,384.9147110872348,CCCC
1664979292,MSFT,-600,250.22,234443,250.18293091028582,AAAA
1664979051,F,400,11.77,212272,11.796811302784015,DDDD
1664981465,F,400,11.5,435442,11.549807308497815,DDDD
1664981351,SPY,600,378.87,421990,378.8416330194735,EEEE
1664981152,AMZN,400,132.03,402674,132.01586179236597,EEEE
1664977092,AAPL,-100,147.85,46967,147.83167673002845,BBBB
1664978134,GOOGL,400,100.38,133069,100.33484932098878,AAAA
1664978852,MSFT,800,250.18,192623,250.17250901337414,AAAA
1664980169,SPY,500,375.9,309783,125.0702632200478,DDDD
1664976917,AMD,-200,65.63,31420,65.54729184178923,BBBB
1664980478,GOOGL,-800,101.96,336594,101.99905209502953,AAAA
1664976704,GOOG,700,102.89,10620,102.96678512236522,CCCC
1664978505,F,100,12.07,167947,12.109266929228145,CCCC
1664981853,GOOGL,1000,102.07,464478,102.0238919523113,DDDD
1664980146,F,-400,11.8,307202,11.91262220400276,EEEE
1664981986,SPY,-700,375.69,478798,375.72357928318263,CCCC
1664977906,F,-600,12.53,118281,12.580526335906699,AAAA
1664981725,TSLA,200,228.32,453699,228.2616670397943,DDDD
1664978028,MSFT,-600,252.04,127710,251.98910086657716,AAAA
1664980772,MSFT,600,253.88,363380,253.84709256220643,AAAA
1664980200,AAPL,400,136.87,312278,136.8671820416849,EEEE
1664980395,GOOGL,-200,101.38,330233,101.39620988270528,CCCC
1664981771,AMZN,400,133.47,458685,133.4680078429791,BBBB
1664979123,AMD,-800,66.84,219442,66.87844376007912,AAAA
1664980183,AMD,600,67.63,310442,67.6701643037478,BBBB
1664979315,F,400,11.69,236500,11.677621204769999,DDDD
1664977049,GOOGL,200,101.42,43588,101.43463696291265,EEEE
1664977676,GOOG,1000,104.0,97072,104.02482150074934,CCCC
1664982071,GOOGL,400,100.24,486945,100.25906932457823,CCCC
1664979439,SPY,-100,382.11,245522,382.1550040935909,CCCC
1664981354,SPY,400,374.05,422850,374.0242985710365,AAAA
1664980767,SPY,-400,380.93,362994,380.95072304509955,EEEE
1664978009,MSFT,-900,251.72,126219,251.7064788936297,CCCC
1664978602,GOOGL,-400,100.13,174448,100.19204778816771,AAAA
1664979462,GOOGL,-300,101.5,247855,101.45189422049494,EEEE
1664981429,AMZN,-1000,133.23,432185,133.19643993452084,AAAA
1664981006,GOOGL,400,99.47,387116,99.47091058974627,CCCC
1664978214,AMD,-500,66.6,139078,66.64147031020173,BBBB
1664979517,AAPL,-300,141.81,255386,141.74842002620562,AAAA
1664980038,AMZN,-100,127.38,298594,127.36965076534702,EEEE
1664981745,MSFT,-900,263.18,455613,263.21916138017394,AAAA
1664977695,MSFT,800,247.09,99533,247.02105486478106,BBBB
1664981438,F,500,11.42,433100,11.40822991311238,AAAA
1664978137,F,800,12.37,133421,12.319452011000429,CCCC
1664981481,SPY,100,378.4,437447,378.4559257080292,BBBB
1664976632,F,700,12.44,4874,12.49404076813553,EEEE
1664976818,META,-200,138.68,23743,138.73702088221702,EEEE
1664981374,MSFT,300,259.41,425120,259.3938347154358,DDDD
1664978254,MSFT,-800,252.43,142742,252.46748638186773,CCCC
1664980195,TSLA,-100,228.52,310700,228.4697971852044,EEEE
1664976863,GOOG,100,104.37,27885,104.36584896165084,AAAA
1664981066,AMZN,1000,130.95,393971,130.89342149479575,EEEE
1664982012,MSFT,-400,262.12,481266,262.07764532762764,CCCC
1664979274,F,-400,11.64,233554,11.63024030226461,AAAA
1664981259,AMZN,900,133.31,411756,133.31281753015665,AAAA
1664978277,AMD,-1000,66.16,147397,66.13561323002531,DDDD
1664978526,AMZN,300,122.84,170075,122.83761974416815,CCCC
1664977856,GOOGL,200,100.05,112863,99.98928527069029,AAAA
1664979678,AMZN,700,126.09,266986,126.0198196168251,CCCC
1664976784,MSFT,700,248.44,20024,248.48760803061558,CCCC
1664976901,SPY,-900,379.04,31024,379.002562809044,CCCC
1664977547,GOOGL,400,101.88,85125,101.99662325335586,DDDD
1664981418,SPY,1000,375.88,429943,375.88180953849655,CCCC
1664980902,GOOG,-900,99.79,375700,99.75180879406221,EEEE
1664980889,AMZN,-200,129.84,374908,129.8692121123632,AAAA
1664978742,AMD,-300,65.71,181800,65.68132039042871,DDDD
1664977568,F,700,12.56,86823,12.539050701054338,EEEE
1664977674,AMZN,-500,122.7,95249,122.73989267735215,BBBB
1664981176,AMD,-600,68.01,405065,68.1111138263764,EEEE
1664981808,AAPL,-900,139.21,460503,139.13238077773084,DDDD
1664977249,AMZN,1000,120.07,59336,120.07255924273714,AAAA
1664981029,TSLA,800,226.89,389629,226.96932577771508,EEEE
1664980342,GOOG,-200,102.05,324866,102.10431223429903,CCCC
1664981106,GOOG,700,99.67,398922,99.6122758773394,BBBB
1664979066,TSLA,1000,235.6,214143,235.74714930817913,EEEE
1664976935,AMD,-1000,65.36,34278,65.30088549897698,CCCC
1664977923,META,500,134.41,119629,134.453652541936,AAAA
1664977905,TSLA,200,237.91,118214,237.8437118108958,BBBB
1664976993,AAPL,-1000,146.29,39945,146.31670334864882,BBBB
1664979214,AMD,800,67.5,226126,67.46032278783359,BBBB
1664979976,GOOG,-100,101.38,291012,101.39503730169858,AAAA
1664981395,GOOGL,-800,100.17,426711,100.2121504000638,AAAA
1664979419,MSFT,100,249.32,244092,249.28892400733469,EEEE
1664977861,GOOG,100,103.64,114344,103.5597437397026,EEEE
1664980124,AAPL,-800,137.01,304479,137.07345656032004,BBBB
1664978074,AAPL,-100,142.28,130160,142.30353110063626,EEEE
1664977574,MSFT,-200,246.48,87740,246.4900686419484,BBBB
1664982034,AMD,500,65.36,482970,65.40143943868354,AAAA
1664977328,AMD,-1000,65.14,64737,65.16759353814061,CCCC
1664980962,MSFT,-1000,259.61,382883,259.55441274466585,EEEE
1664978913,TSLA,-400,235.32,200567,235.29474539977915,DDDD
1664976678,F,400,12.35,9305,12.313901977148916,BBBB
1664977047,AMD,-700,65.73,43424,65.78892464693324,DDDD
1664978353,META,800,133.67,153127,133.62921820039827,EEEE
1664978885,F,400,11.96,196105,11.992416257560752,DDDD
1664980579,META,100,128.08,344299,128.05463522881814,CCCC
1664977791,SPY,200,377.77,106530,377.8220533321293,EEEE
1664979121,MSFT,800,250.07,218509,250.03774344326806,EEEE
1664981976,GOOG,1000,98.32,478087,98.33058492992487,DDDD
1664980243,AAPL,-100,135.94,317584,135.91192765846102,EEEE
1664980614,AMD,600,67.85,348074,67.92406453163456,BBBB
1664977085,GOOG,-400,103.24,46046,103.27563447902196,AAAA
1664978084,AMD,500,65.77,131038,65.81259089305591,BBBB
1664979220,GOOG,200,102.79,226213,102.73991913935569,CCCC
1664979086,TSLA,800,236.99,215706,236.98350252375158,CCCC
1664981525,AMZN,700,133.14,439442,133.13707859702876,BBBB
1664981639,MSFT,300,260.86,448634,260.82504120723377,DDDD
1664979426,GOOGL,700,102.47,244842,102.4491401834815,DDDD
1664977586,SPY,1000,374.85,88787,121.13412106809066,BBBB
1664977101,AMD,-900,65.73,47089,65.77429872680894,CCCC
1664982011,AMD,-700,65.55,480684,65.56305043715074,BBBB
1664979105,F,-900,11.72,217212,11.766340796704522,BBBB
1664981623,MSFT,1000,259.79,446652,259.77469836880056,AAAA
1664978888,AAPL,-700,144.39,197804,144.39061632625618,EEEE
1664977308,META,900,139.15,63944,139.1383023792513,AAAA
1664978670,GOOG,-800,101.61,178739,101.60746624341718,BBBB
1664981545,TSLA,-600,227.4,440421,227.37725361954992,DDDD
1664979629,SPY,1000,383.5,261839,383.5715320681186,DDDD
1664976731,MSFT,400,247.03,14375,247.05501883301474,CCCC
1664977257,AMD,100,65.54,59565,65.51730204375937,AAAA
1664981670,GOOG,500,98.1,450402,98.10505061365976,CCCC
1664981410,AMZN,200,133.78,429300,133.82827386277847,AAAA
1664981223,TSLA,-300,226.65,410245,226.6339413869929,BBBB
1664979360,MSFT,200,249.97,240812,249.96155209439365,BBBB
1664980205,GOOGL,-100,102.37,313823,102.32280608657473,DDDD
1664981937,AMZN,-200,134.9,473503,134.99227197929721,AAAA
1664981403,SPY,600,374.16,428446,374.0750304072792,DDDD
1664982028,GOOG,-800,98.52,481780,98.51982576429371,EEEE
1664977653,AMZN,100,121.85,93792,121.9301480817755,AAAA
1664980987,META,-400,127.44,385055,127.47371083023182,BBBB
1664979601,AAPL,500,141.0,260175,141.0261372585549,DDDD
1664977948,AAPL,500,141.76,122159,141.7717638219312,AAAA
1664977599,AMZN,800,121.08,90020,121.09518088108585,CCCC
1664980909,F,1000,11.48,377003,11.505673944267759,CCCC
1664977479,F,400,12.33,76030,12.220424424152052,AAAA
1664978778,TSLA,800,238.25,186510,238.2866840624297,CCCC
1664980374,META,1000,128.58,327157,128.60167231573053,EEEE
1664981147,GOOGL,700,99.97,402522,99.9235987138286,AAAA
1664977221,AMZN,-200,121.28,57646,121.20497283236539,BBBB
1664980974,GOOGL,400,99.45,384252,99.28032724400168,BBBB
1664979175,AMD,500,67.28,222886,67.26176820010087,AAAA
1664979400,TSLA,600,232.34,242206,232.3467190084272,BBBB
1664981504,TSLA,-500,226.66,438783,226.61312753630946,BBBB
1664977353,GOOGL,-100,101.4,66528,101.34448974065481,BBBB
1664980549,GOOG,-200,101.0,341557,101.00610021445053,BBBB
1664982059,AAPL,200,139.08,485220,139.0877198205509,CCCC
1664982080,META,500,130.27,487896,130.30717432497298,DDDD
1664978345,META,200,133.57,152058,133.5726088512707,AAAA
1664976812,F,-300,12.3,23237,12.21761718143147,AAAA
1664981053,MSFT,100,259.3,392046,259.2409931999791,DDDD
1664976750,AMZN,200,122.19,17362,122.18792532172102,AAAA
1664978925,AMZN,100,123.98,201872,123.9392013200588,CCCC
1664978472,AMD,-800,66.35,163167,66.39330788319747,AAAA
1664977460,AMD,100,65.88,74107,65.83277913343883,AAAA
1664980135,AMZN,-1000,125.49,306360,125.57990967094943,DDDD
1664980992,GOOGL,400,100.01,385973,100.02385481603483,AAAA
1664978978,TSLA,-600,236.03,207684,236.0419745392871,DDDD
1664981927,GOOG,600,98.01,471525,97.99445438673185,AAAA
1664977237,AAPL,500,148.53,58327,148.52748571254105,CCCC
1664979010,GOOG,-700,102.93,210557,102.99172277810403,CCCC
1664980017,META,100,127.66,295561,127.69638990541367,DDDD
1664980672,SPY,800,380.12,352906,380.06494050487703,DDDD
1664981065,AMD,-100,68.17,393412,68.19109673097786,BBBB
1664977379,AAPL,-100,146.21,69599,146.17494023219552,EEEE
1664979308,TSLA,100,231.94,236075,232.0070883622185,EEEE
1664981591,GOOGL,400,99.76,444267,99.75650053011876,EEEE
1664981496,SPY,100,380.68,438223,380.69001304088835,CCCC
1664981130,GOOGL,500,99.87,399903,99.92232263813241,EEEE
1664979711,SPY,-1000,390.49,271441,390.55214541225223,EEEE
1664981042,AAPL,400,138.29,390949,138.2260141461595,BBBB
1664978540,SPY,1000,366.76,171222,366.6419546827281,CCCC
1664977176,TSLA,700,238.16,53529,238.10646301234482,EEEE
1664981934,AMZN,300,133.76,472859,133.7499427490747,BBBB
1664979192,AMZN,-200,123.0,224144,122.96258015685824,CCCC
1664980628,META,-600,128.51,349728,128.45496786509017,CCCC
1664980377,SPY,-900,382.17,328061,382.16412553078715,BBBB
1664976785,TSLA,-500,243.44,20608,243.35453602963193,CCCC
1664980233,META,400,128.41,316374,128.29496340449927,AAAA
1664981295,F,-400,11.35,414217,11.361382405410827,BBBB
1664980309,MSFT,900,258.11,322870,258.162049235192,EEEE
1664976821,GOOG,900,103.38,23978,103.37855151718408,CCCC
1664979849,F,900,11.73,281858,11.655462601594277,CCCC
1664981131,F,700,11.3,400868,11.247883478434783,CCCC
1664980835,F,500,11.47,368273,11.415332839639921,CCCC
1664980892,META,600,128.36,374940,128.30494862490033,BBBB
1664977297,AAPL,-200,147.25,63097,147.34087394371645,AAAA
1664981428,AAPL,-600,136.97,431386,137.0379453033758,EEEE
1664981433,F,-200,11.43,432506,11.365625762727403,BBBB
1664977491,AAPL,300,145.75,77981,145.7405892406959,AAAA
1664982085,GOOGL,200,100.95,488564,100.9444432110389,CCCC
1664978255,F,1000,12.26,143643,12.278761869230957,AAAA
1664980031,SPY,100,385.06,297812,385.17338295994483,AAAA
1664980800,AAPL,500,138.0,366223,137.95325183974452,CCCC
1664981076,F,700,11.33,394893,11.329976439462072,CCCC
1664980732,AAPL,-300,137.97,359049,137.94102310158934,CCCC
1664977816,MSFT,-600,248.18,109041,248.22430066393193,CCCC
1664981662,GOOGL,500,100.29,449912,100.28524354688675,DDDD
1664980526,AAPL,-800,137.25,339971,137.36617618502962,CCCC
1664980443,AMZN,200,127.07,334947,127.07855812689856,AAAA
1664976640,AMD,-300,67.51,5498,67.43477535699284,DDDD
1664979441,MSFT,1000,249.53,245536,249.6387959036307,EEEE
1664981205,AMZN,100,132.75,408107,132.72957096703348,EEEE
1664977877,MSFT,-400,247.44,116798,247.37901006781576,BBBB
1664978500,META,800,133.22,167059,133.22811374650138,BBBB
1664977959,MSFT,-600,249.71,122426,249.74595811491915,AAAA
1664980130,GOOGL,-200,101.81,305496,101.79209419398539,CCCC
1664980915,MSFT,-600,254.46,377289,254.4565651426086,DDDD
1664979520,SPY,-800,382.07,255419,382.0750660232181,DDDD
1664980104,SPY,900,386.08,303305,386.076389038026,BBBB
1664981951,AMD,200,65.83,475048,65.80932285973631,BBBB
1664977140,AAPL,-800,149.7,49280,149.67955337187655,BBBB
1664980554,TSLA,-100,228.45,342060,228.3986471003891,EEEE
1664977173,AAPL,-500,149.8,52643,149.75239244789023,BBBB
1664981955,AAPL,500,140.8,475124,140.82156839435896,AAAA
1664979763,MSFT,900,257.12,276430,257.17013271089104,DDDD
1664976860,TSLA,1000,242.48,27575,242.46851121815828,CCCC
1664977134,TSLA,700,239.88,48545,239.9050686399713,EEEE
1664981168,F,600,11.39,404358,11.305771424907539,CCCC
1664981228,META,400,127.85,410254,127.78885333690711,DDDD
1664981865,GOOGL,-700,102.23,464938,102.15392873001446,DDDD
1664979561,AAPL,-500,141.88,257191,141.86478916280947,CCCC
1664978754,AAPL,-600,143.68,184204,143.59694268719656,CCCC
1664977321,AMZN,-400,120.23,64070,120.2057133029038,EEEE
1664978154,F,-800,12.38,135150,12.3415801931339,EEEE
1664979078,SPY,-700,370.81,215446,370.9295011232939,BBBB
1664976832,MSFT,-300,245.9,25427,245.950889696337,CCCC
1664981319,META,200,127.08,417848,127.13576425908555,CCCC
1664977277,AMZN,900,119.8,61151,119.83568452543152,BBBB
1664978430,GOOGL,-800,100.47,158351,100.45300653944925,AAAA
1664981735,F,400,11.47,454850,11.577256229093301,DDDD
1664978661,F,400,12.09,178079,12.060889706740396,AAAA
1664979510,AAPL,500,143.2,255127,143.19936249084287,CCCC
1664979320,AAPL,-800,143.15,237492,143.2095886707864,EEEE
1664981124,MSFT,200,256.68,399616,256.7506341100963,CCCC
1664976662,GOOGL,-500,101.86,7693,101.84070173024497,EEEE
1664976793,AMD,-700,66.27,21386,66.32562804530626,BBBB
1664981823,AMZN,100,132.31,462710,132.22949044039802,DDDD
1664979746,TSLA,-300,230.71,274918,230.7878800896103,AAAA
1664977544,AMZN,-100,121.39,84545,121.3759624656058,AAAA
1664976989,AAPL,-1000,146.56,38640,146.62364928245273,EEEE
1664978261,AAPL,-900,142.02,144465,141.99527770723955,AAAA
1664981684,SPY,400,377.85,450764,377.85791285574754,DDDD
1664977405,AMD,500,65.87,71007,65.89940665994428,EEEE
1664981055,GOOG,300,99.17,392445,99.1164261693964,DDDD
1664979902,AAPL,-100,139.48,285103,139.48703133052013,CCCC
1664979435,GOOG,-1000,103.31,245073,103.3438229833037,EEEE
1664979200,AMZN,500,123.59,225056,123.52134759567028,EEEE
1664977312,F,-900,12.34,64019,12.44115809175979,BBBB
1664980979,TSLA,300,227.36,384907,227.3382322959516,CCCC
1664980480,AMZN,500,126.81,336913,126.80337452598825,CCCC
1664976962,AAPL,-600,146.34,36486,146.37676116808206,CCCC
1664977483,AAPL,-400,146.97,76992,146.97472208382433,AAAA
1664978487,TSLA,-400,237.73,165781,237.77877878379059,BBBB
1664977526,AMZN,-900,121.0,82397,121.03022958808494,EEEE
1664978044,AMZN,-500,125.42,128444,125.41702603077754,EEEE
1664977496,AMZN,200,121.87,78776,121.82628583115786,DDDD
1664978536,MSFT,300,264.48,170719,142.94186942858443,AAAA
1664981141,F,-400,11.39,401600,11.419163470485708,DDDD
1664978462,GOOGL,-200,100.54,161507,100.4942898143749,DDDD
1664980441,META,-600,127.92,334760,127.93023191031448,DDDD
1664976852,AMD,1000,66.01,27095,66.00006309955893,EEEE
1664980458,AMD,-1000,67.35,336519,67.31481509666989,CCCC
1664980068,SPY,800,386.37,299838,386.29174324477435,AAAA
1664980811,GOOGL,-200,101.2,366568,101.24313074178025,EEEE
1664980114,AAPL,700,136.71,304178,136.624061790843,CCCC
1664979185,AAPL,-600,142.58,223710,142.5569518731671,AAAA
1664981822,MSFT,100,262.21,462701,262.230187874235,DDDD
1664979353,SPY,-100,376.96,240176,376.9460131170187,DDDD
1664981068,GOOG,1000,99.21,394175,99.2911774300958,EEEE
1664977626,AAPL,-600,145.22,91263,145.14546781514855,EEEE
1664982002,AMZN,900,136.48,479946,136.49888251405065,BBBB
1664981198,META,700,126.43,407040,126.48113888337697,EEEE
1664976795,TSLA,900,231.7,21475,103.91847513424301,AAAA
1664980699,MSFT,1000,253.56,356236,253.49796559045816,EEEE
1664981456,SPY,-900,376.15,434309,376.19117131058465,CCCC
1664980852,META,400,128.01,370451,128.13271929360633,BBBB
1664980949,MSFT,-300,254.65,380502,254.61530912248264,BBBB
1664978768,AMD,900,65.89,184732,65.95765928764976,CCCC
1664979229,F,-300,11.75,226581,11.76580741043918,EEEE
1664981275,GOOGL,900,100.79,413427,100.68707919599537,DDDD
1664980060,GOOG,-1000,102.06,299674,102.0798427733533,AAAA
1664977859,F,100,12.51,113709,12.53333649494526,BBBB
1664979412,GOOG,-400,103.47,243962,103.56357458252266,BBBB
1664976613,AMD,800,67.55,1947,67.55039712100455,AAAA
